size:  59 x 28
start: (10, 6)
goal:  (43, 18)
...........................................................
...........................................................
...........................................................
...........................................................
...........................................................
...........................................................
..........S....#..........####.............................
...............#...........####............................
...............#........####...............................
............####...........................................
........................#############......................
....................................#......................
...............####.....................#..................
...............####.....................#..................
...............####.....................#..................
................######....................#................
..................###..................#...................
................###........####################............
.................................####......G...............
.....................................#####.................
...........................................................
...........................................................
...........................................................
...........................................................
...........................................................
...........................................................
...........................................................
...........................................................

solved:
path:
steps = 49, weight = 49
[1] (10, 7)
[2] (10, 8)
[3] (10, 9)
[4] (10, 10)
[5] (10, 11)
[6] (10, 12)
[7] (10, 13)
[8] (10, 14)
[9] (10, 15)
[10] (10, 16)
[11] (10, 17)
[12] (10, 18)
[13] (11, 18)
[14] (12, 18)
[15] (13, 18)
[16] (14, 18)
[17] (15, 18)
[18] (16, 18)
[19] (17, 18)
[20] (18, 18)
[21] (19, 18)
[22] (20, 18)
[23] (21, 18)
[24] (22, 18)
[25] (23, 18)
[26] (24, 18)
[27] (25, 18)
[28] (26, 18)
[29] (27, 18)
[30] (28, 18)
[31] (29, 18)
[32] (30, 18)
[33] (31, 18)
[34] (32, 18)
[35] (32, 19)
[36] (33, 19)
[37] (34, 19)
[38] (35, 19)
[39] (36, 19)
[40] (36, 20)
[41] (37, 20)
[42] (38, 20)
[43] (39, 20)
[44] (40, 20)
[45] (41, 20)
[46] (42, 20)
[47] (42, 19)
[48] (42, 18)
[49] (43, 18)
...........................................................
...........................................................
...........................................................
..........~................................................
.........~~~~~~~~~~~~~~~~~~~~~~~~~~~~~~~~~~~...............
........~~~~~~~~~~~~~~~~~~~~~~~~~~~~~~~~~~~~~..............
.......~~~S~~~~#~~~~~~~~~~####~~~~~~~~~~~~~~~..............
.......~~~+~~~~#~~~~~~~~~~~####~~~~~~~~~~~~~~..............
.......~~~+~~~~#~~~~~~~~####~~~~~~~~~~~~~~~~~..............
.......~~~+~####~~~~~~~~~~~~~~~~~~~~~~~~~~~~~..............
.......~~~+~~~~~~~~~~~~~#############~~~~~~~~..............
.......~~~+~~~~~~~~~~~~~~~~~~~~~~~~~#~~~~~~~~..............
.......~~~+~~~~####~~~~~~~~~~~~~~~~~~~~~#~~~~..............
.......~~~+~~~~####~~~~~~~~~~~~~~~~~~~~~#~~~~..............
.......~~~+~~~~####~~~~~~~~~~~~~~~~~~~~~#~~~~..............
.......~~~+~~~~~######~~~~~~~~~~~~~~~~~~~~#~~..............
.......~~~+~~~~~~~###~~~~~~~~~~~~~~~~~~#~~~~~~.............
.......~~~+~~~~~###~~~~~~~~####################............
.......~~~+++++++++++++++++++++++####....~+G...............
........~~~~~~~~~~~~~~~~~~~~~~~~+++++#####+~...............
.........~~~~~~~~~~~~~~~~~~~~~~~~~~~+++++++~...............
..........~~~~~~~~~~~~~~~~~~~~~~....~~~~~~~................
...........................................................
...........................................................
...........................................................
...........................................................
...........................................................
...........................................................
